mean	0.82905	0.011096058121712774	0.007986349424235427	0.7244952308103647	0.01440983259165075	0.1197287560923924
stdev	0.0007433034373659367	0.0015689903054232285	0.005431716378223965	0.006350855530992711	0.00047384360616648576	0.006943062057811387
mean	0.822125	0.00698457310217305	0.01163349347975285	0.7086194142061135	0.019654587836405977	0.14309175672812033
stdev	0.009476912735696178	0.004376788602822925	0.0021297324867815405	0.00469313575253677	0.002163006533438596	0.021378894601158122					
mean						
stdev						
mean	0.8327	0.016865598571399774	0.011574391824906525	0.7232819720197625	0.015575333757151876	0.12460267005721548
stdev	0.002516942589730638	0.00409208107586922	0.0025520198417664595	0.0024589259934124593	0.0009052769384740033	0.0057839983318313725					
mean						
stdev						
mean	0.821	0.015586673587287499	0.00680240982231365	0.7176580589895528	0.016158084339902474	0.1400720491629582
stdev	0.002388514182499202	0.0010437375740390347	0.0026579442141623118	0.003306280103518475	0.0009754160118416369	0.0023549598189121545
mean	0.839075	0.014866424588716676	0.01600129642339655	0.7255579959597082	0.02002542911633815	0.11882814155541428
stdev	0.0009120718173477578	0.0015592787192028033	0.005055825149860476	0.0031642871401570388	0.0005705832599210004	0.0038564436607656893
mean	0.8270500000000001	0.0192386011048071	0.007728971249904624	0.7153058044309154	0.016846789574062226	0.13191354100445005
stdev	0.0036121323342314083	0.0017740629290270771	0.0049769596807380245	0.008907473110759213	0.0021740076847513662	0.009623225856884533
mean						
stdev						
mean	0.8378	0.023658135228164796	0.006962556241897325	0.7331378459346336	0.0144098325916507	0.14091968637423183
stdev	0.0018641351882307102	0.0030436372184952437	0.0017086454726295032	0.0016564502673955287	0.001498425050193978	0.0017280680684785355
mean						
stdev						
mean	0.838175	0.024420439938692074	0.010563944177533674	0.7307486023776603	0.01562831108285645	0.14346259800805253
stdev	0.0020837166314064863	0.002244744618078875	0.005232876264084369	0.0018211698514018586	0.00048264640703242473	0.0008737244385712251
mean	0.823175	0.01036879983781585	0.0191050865553267	0.7112325459650213	0.014144945963127752	0.11146429328247508
stdev	0.0006098155458825495	0.001240597486805435	0.0008519731193381693	0.0007390267138431525	0.0008656566347938084	0.0022073179334604343
mean	0.822625	0.01988992546433815	0.0031362007168458496	0.7145233668534976	0.014727696545878351	0.1244437380801017
stdev	0.02005085721359562	0.00485731849450978	0.0024850786178410387	0.02361487735975525	0.002911343857604209	0.005973766094222535
mean						
stdev						
mean	0.831125	0.018971394567408425	0.006320064058567775	0.7092991413130769	0.013615172706081726	0.11077558804831526
stdev	0.001247747971346762	0.0008682641042852041	0.0026748441733933813	0.0015519769977557967	0.0009754160118415915	0.0015670904278182953
mean						
stdev						
mean	0.7758499999999999	0.012505418716732799	0.0138812628689087	0.6559505627349076	0.021932612841703676	0.13302606484424662
stdev	0.02115992674845545	0.0017691372189096077	0.007042257585658996	0.022065052993147913	0.00402209215852983	0.010281833039925248
mean	0.840225	0.025927256558534346	0.0068672309921451995	0.7072894315797603	0.011231193049374826	0.10478915024369564
stdev	0.0016269219403524122	0.003376038790496338	0.003603040230998294	0.0015603539833449695	0.0011703073762647793	0.0024461530791725196
mean	0.835225	0.01989181257961825	0.00982612674445205	0.7269082052815075	0.014409832591650724	0.12587412587412583
stdev	0.0014635146053251448	0.0009462744099319662	0.00012455184146318522	0.001052404826268743	0.00039644600410825134	0.0012976741591349853					
mean						
stdev						
mean	0.83585	0.018808204026996126	0.0097212689697247	0.7253333220755636	0.012396694214875974	0.12486755668573846
stdev	0.0015819292019556587	0.0007549482316063157	0.004024427029066012	0.0033171416834155937	0.001310586657856854	0.0008121270246214975					
mean						
stdev						
mean	0.83505	0.022514273780528102	0.0044535956684205995	0.723909622468076	0.012025852934943775	0.12539732994278444
stdev	0.002855258307053839	0.0022201368060619435	0.0028472284580030047	0.007339455633591279	0.0006927684271361331	0.002566531365498936
mean	0.8424750000000001	0.028645691050831996	0.00362235949058185	0.7103615679544246	0.009165077346895475	0.10102776011866921
stdev	0.0013292385038058394	0.0019025592124644348	0.002135850662232488	0.001266082537336932	0.002001253101030302	0.000739788093015964
mean	0.8343999999999999	0.028041050328825277	0.006087470449172501	0.6967998399611516	0.010277601186692051	0.1047891502436957
stdev	0.00035355339059325836	0.0022134044948865974	0.0021260625334084855	0.00045618107997700923	0.00010595465140914983	0.001456635630945892
mean						
stdev						
mean	0.8383	0.0242714027628805	0.0025489971783726247	0.7065160854476971	0.010065691883873625	0.10754397118033474
stdev	0.00025495097567965473	0.0009126367928111221	0.001005006653336631	0.00035234053501144344	0.00031786395422757525	0.0006268361711272942
mean						
stdev						
mean	0.8442000000000001	0.03385170293282873	0.007273316556089325	0.7130594086618468	0.011602034329307023	0.1053719008264462
stdev	0.0001000000000000445	0.0007822494043350486	0.0038842553720178623	0.0016206105319012316	0.0004587970988474621	0.000986858233216667
mean	0.841825	0.029121019444835798	0.006390604743384399	0.7134243053047387	0.009112100021190875	0.10452426361517267
stdev	0.0009807522622966483	0.00465929773759258	0.0037947093812056468	0.001353598571998776	0.0010051740814266813	0.0028007925170346094
mean	0.83545	0.0235390672402538	0.009751773049645375	0.6911127144177521	0.013933036660309374	0.09806102987921167
stdev	0.0012419742348374293	0.004028005125002242	0.0017580860388661228	0.017248984167173322	0.00017570591175860136	0.0034605995961114865
mean						
stdev						
mean	0.834475	0.027828749859814254	0.004445969648440425	0.6798841274782217	0.0122907395634668	0.09541216359398172
stdev	0.00031124748994972636	0.0006048940549149578	0.0009536184762261728	0.0005493621460037163	0.000540264835091432	0.0006927684271361392
mean						
stdev						
mean	0.8341	0.0278966860098978	0.0018130862502858751	0.6795617227468412	0.01144310235219325	0.09520025429116333
stdev	7.071067811868621e-05	0.0006028980980999386	0.0009039226546349215	0.0006089136536529091	0.00047384360616653	0.00023092280904536366
mean	0.7804249999999999	0.030787207443213976	0.008960573476702451	0.6747680170247344	0.005615596524687376	0.13641661368934094
stdev	4.330127018921716e-05	0.0007358461174235755	0.0017001492796604176	0.0003128419452856576	0.00023692180308327625	0.0005681185258933728
mean	0.82815	0.015017034360594952	0.01005109433386715	0.7125831738700557	0.007151938970120775	0.10823267641449452
stdev	8.660254037848241e-05	0.00016955230898565876	0.0006300357225008494	0.000516880258545624	0.0003783337798549869	0.0008785295587930008				
mean						
stdev						
mean	0.8285	0.0144609643913927	0.011397086860367524	0.7114478245894218	0.0083704174613265	0.10828565374019916
stdev	9.999999999998899e-05	0.0005489083448453991	0.0010104620359873595	0.0015417858295553176	0.0003178639542275997	0.000982583014992121		
mean						
stdev						
mean	0.8284	0.014907267155135927	0.011452375505223749	0.7106550809670591	0.0086882814155541	0.10759694850603932
stdev	9.999999999998899e-05	0.000652397789389059	0.0010564497947496848	0.0007162759148552844	0.0002595348318270022	0.0004587970988474111
mean	0.84695	0.019098909642763624	0.0136963318843895	0.7337640355775714	0.0192307692307692	0.15426997245179055
stdev	0.001390143877445792	0.0019362439107860952	0.010568622353861544	0.00875874802435803	0.003391790273894707	0.0051755349615680265
mean	0.8439	0.02124671641941255	0.00433729886372295	0.7457413366536748	0.01377410468319555	0.1347743165924984
stdev	0.00015811388300840154	0.0015472497125133854	0.002288424730129559	0.0006495444806206202	0.0003350580271422409	0.0005803375264941207
mean						
stdev						
mean	0.84295	0.02095659491075555	0.0037462823152596	0.7448682793033105	0.012661580843399	0.13588684043229493
stdev	0.0001658312395177517	0.0006890401031113869	0.0009800900680719078	0.0005547791254806188	0.00017570591175860892	0.00017570591175860594
mean						
stdev						
mean	0.84085	0.019509851460663124	0.0014108136963318259	0.7424391259356868	0.01048951048951045	0.13334392879847423
stdev	0.00034999999999996145	0.0008783528239212587	0.0011412052889145476	0.0004942014964199211	0.0005505565186169027	0.0006595623859922066
mean	0.840525	0.01959540068669425	0.0123503393578891	0.7340600749558415	0.0119728756092392	0.13615172706081796
stdev	0.00014790199457747412	0.0014244818102653754	0.0015269426908079884	0.0006597123017454625	0.0003820249285297832	0.0003514118235171763
mean	0.8332749999999999	0.02331989227986525	0.001264012811713525	0.7293355627740181	0.01335028607755875	0.1365225683407501
stdev	0.0014077908225301184	0.0009008734499066305	0.0003508953389633305	0.0022265320877891772	0.0018775212064705918	0.0009521191330584868
mean						
stdev						
mean	0.8322999999999999	0.02157404105787725	0.010739342637077624	0.7234363020229008	0.009588895952532275	0.1224835770290315
stdev	0.0017073371078963652	0.0016685248182374	0.0031813547856828347	0.0005987196780254263	0.000347395556489843	0.002807298431763447
mean						
stdev						
mean	0.836575	0.02037729545108155	0.011402806375352625	0.7287359524136062	0.012237762237762224	0.1243907607543971
stdev	0.0006684870978560636	0.0006564408693139375	0.0004522999779236807	0.0004219155514873837	0.0006595623859921796	0.0004495275150582128