mean	0.82905	0.011096058121712774	0.007986349424235427	0.7244952308103647	0.01440983259165075	0.1197287560923924
stdev	0.0007433034373659367	0.0015689903054232285	0.005431716378223965	0.006350855530992711	0.00047384360616648576	0.006943062057811387
mean	0.822125	0.00698457310217305	0.01163349347975285	0.7086194142061135	0.019654587836405977	0.14309175672812033
stdev	0.009476912735696178	0.004376788602822925	0.0021297324867815405	0.00469313575253677	0.002163006533438596	0.021378894601158122					
mean	0.8327	0.016865598571399774	0.011574391824906525	0.7232819720197625	0.015575333757151876	0.12460267005721548
stdev	0.002516942589730638	0.00409208107586922	0.0025520198417664595	0.0024589259934124593	0.0009052769384740033	0.0057839983318313725					
mean	0.821	0.015586673587287499	0.00680240982231365	0.7176580589895528	0.016158084339902474	0.1400720491629582
stdev	0.002388514182499202	0.0010437375740390347	0.0026579442141623118	0.003306280103518475	0.0009754160118416369	0.0023549598189121545

mean	0.840225	0.025927256558534346	0.0068672309921451995	0.7072894315797603	0.011231193049374826	0.10478915024369564
stdev	0.0016269219403524122	0.003376038790496338	0.003603040230998294	0.0015603539833449695	0.0011703073762647793	0.0024461530791725196
mean	0.835225	0.01989181257961825	0.00982612674445205	0.7269082052815075	0.014409832591650724	0.12587412587412583
stdev	0.0014635146053251448	0.0009462744099319662	0.00012455184146318522	0.001052404826268743	0.00039644600410825134	0.0012976741591349853					
mean	0.83585	0.018808204026996126	0.0097212689697247	0.7253333220755636	0.012396694214875974	0.12486755668573846
stdev	0.0015819292019556587	0.0007549482316063157	0.004024427029066012	0.0033171416834155937	0.001310586657856854	0.0008121270246214975					
mean	0.83505	0.022514273780528102	0.0044535956684205995	0.723909622468076	0.012025852934943775	0.12539732994278444
stdev	0.002855258307053839	0.0022201368060619435	0.0028472284580030047	0.007339455633591279	0.0006927684271361331	0.002566531365498936

mean	0.7804249999999999	0.030787207443213976	0.008960573476702451	0.6747680170247344	0.005615596524687376	0.13641661368934094
stdev	4.330127018921716e-05	0.0007358461174235755	0.0017001492796604176	0.0003128419452856576	0.00023692180308327625	0.0005681185258933728
mean	0.82815	0.015017034360594952	0.01005109433386715	0.7125831738700557	0.007151938970120775	0.10823267641449452
stdev	8.660254037848241e-05	0.00016955230898565876	0.0006300357225008494	0.000516880258545624	0.0003783337798549869	0.0008785295587930008				
mean	0.8285	0.0144609643913927	0.011397086860367524	0.7114478245894218	0.0083704174613265	0.10828565374019916
stdev	9.999999999998899e-05	0.0005489083448453991	0.0010104620359873595	0.0015417858295553176	0.0003178639542275997	0.000982583014992121		
mean	0.8284	0.014907267155135927	0.011452375505223749	0.7106550809670591	0.0086882814155541	0.10759694850603932
stdev	9.999999999998899e-05	0.000652397789389059	0.0010564497947496848	0.0007162759148552844	0.0002595348318270022	0.0004587970988474111
