0.75

0.1

0


























0.8256









0.01628203063668754












0.009822313734461963


























0.012078830260648488

0.75

0.1

0


























0.8233









0.016111830810949135












0.013154884465797267


























0.010807374443738027

0.75

0.1

1


























0.8292









0.018484923206988857












0.008205597498665451


























0.010807374443738027

0.75

0.1

1


























0.8305









0.019414282551121043












0.005193319606497382


























0.012078830260648488

0.75

0.1

2


























0.8264









0.015020898453787623












0.01741782963471361


























0.011019283746556474

0.75

0.1

2


























0.8272









0.015041207408706792












0.016449325097231737


























0.011443102352193257

0.75

0.1

0


























0.8249









0.016878718515728086












0.01423015328300159


























0.009535918626827677

0.75

0.1

0


























0.8252









0.015576069796666037












0.011004346831388623


























0.012290739563466824

0.75

0.1

1


























0.8301









0.01939397359620193












0.0073438572409060265


























0.012926467471922054

0.75

0.1

1


























0.8298









0.018939448401595393












0.007237092961183467


























0.012926467471922054

0.75

0.1

2


























0.7656









0.03924426963965799












0.007015938381758624


























0.009747827929646125

0.75

0.1

2


























0.8291









0.01249683683534003












0.017844886753603295


























0.011655011655011704

0.75

0.1

0


























0.8252









0.017191081025900556












0.011004346831388623


























0.011655011655011704

0.75

0.1

0


























0.8344









0.01983214379171422












0.0036147334706017054


























0.01631701631701632

0.75

0.1

1


























0.8303









0.021151147509870516












0.001967513154884415


























0.011655011655011704

0.75

0.1

1


























0.8301









0.01986880774572758












0.0041180507892930596


























0.012078830260648488

0.75

0.1

2


























0.8283









0.01249683683534003












0.01999542438801183


























0.01186692095783004

0.75

0.1

2


























0.8289









0.012042311640733494












0.017738122473880957


























0.01186692095783004
