0.75

0.1

0


























0.8302









0.010911839725322281












0.005345840006100833


























0.014197923288832404

0.75

0.1

0


























0.8294









0.009256210586249425












0.007603141920231815


























0.01504556050010597

0.75

0.1

1


























0.8350









0.020460643042619353












0.0067032715625714445


























0.010595465140919691

0.75

0.1

1


























0.8420









0.021227530747398304












0.014115762983298974


























0.010807374443738027

0.75

0.1

2


























0.7805









0.03140806837036636












0.008960573476702538


























0.005085823267641398

0.75

0.1

2


























0.7806









0.030994161085598104












0.008960573476702538


























0.0055096418732781816

0.75

0.1

0


























0.8300









0.010640095124988092












0.005666132845268068


























0.017164653528289886

0.75

0.1

0


























0.8280









0.02057189298151274












0.0027987493327231716


























0.014197923288832404

0.75

0.1

1


























0.8396









0.031704794782503654












0.00036604895904834844


























0.006781097690188642

0.75

0.1

1


























0.8359









0.0182692528892634












0.012293144208037843


























0.010807374443738027

0.75

0.1

2


























0.7978









0.0312155826117963












0.009052085716464542


























0.0008476372112735664

0.75

0.1

2


























0.8370









0.023168563606927928












0.006932052161976676


























0.01250264886628527

0.75

0.1

0


























0.8301









0.013550026886899602












0.000038130099900834935


























0.015893197711379536

0.75

0.1

0


























0.8302









0.009337446405926042












0.0067414016624723905


























0.016105107014197872

0.75

0.1

1


























0.8375









0.020915168237225834












0.007130328681461129


























0.006357279084551859

0.75

0.1

1


























0.8335









0.0244449724373334












0.00854114237779302


























0.012926467471922054

0.75

0.1

2


























0.7803









0.030125728606223368












0.007885304659498216


























0.005721551176096629

0.75

0.1

2


























0.8357









0.02589571477456698












0.00908258979638532


























0.011019283746556474
