0.75

0.1

0


























0.7233









0.11890054912025483












0.09606765551315566


























0.0020000000000000018

0.75

0.1

0


























0.7231









0.11846008516488848












0.09569298335129728


























0.0016000000000000458

0.75

0.1

1


























0.7159









0.11684505066187867












0.09419429470386376


























0.0002666666666666373

0.75

0.1

1


























0.7159









0.11655140802496777












0.09381962254200538


























0.0

0.75

0.1

2


























0.7204









0.11759599162884082












0.09426692002350823


























0.0020000000000000018

0.75

0.1

2


























0.7204









0.11774281294729627












0.09445425610443747


























0.0020000000000000018

0.75

0.1

0


























0.7233









0.11890054912025483












0.09606765551315566


























0.0020000000000000018

0.75

0.1

0


























0.7231









0.11846008516488848












0.09569298335129728


























0.0016000000000000458

0.75

0.1

1


























0.7157









0.11655140802496777












0.09381962254200538


























0.0

0.75

0.1

1


























0.7159









0.11684505066187867












0.09419429470386376


























0.0002666666666666373

0.75

0.1

2


























0.7204









0.11774281294729627












0.09445425610443747


























0.0018666666666666831

0.75

0.1

2


























0.7204









0.11759599162884082












0.09426692002350823


























0.0020000000000000018

0.75

0.1

0


























0.7233









0.11890054912025483












0.09606765551315566


























0.0020000000000000018

0.75

0.1

0


























0.7231









0.11831326384643304












0.09550564727036803


























0.0013333333333332975

0.75

0.1

1


























0.7159









0.11669822934342322












0.09400695862293462


























0.00013333333333331865

0.75

0.1

1


























0.7160









0.11655140802496777












0.09381962254200538


























0.0

0.75

0.1

2


























0.7208









0.11669822934342322












0.09381962254200538


























0.0005333333333333856

0.75

0.1

2


























0.7204









0.11774281294729627












0.09445425610443747


























0.0016000000000000458
