0.75

0.1

0


























0.7236









0.11629143413742693












0.09445425610443747


























0.0008000000000000229

0.75

0.1

0


























0.7236









0.11629143413742693












0.09445425610443747


























0.0008000000000000229

0.75

0.1

1


























0.7192









0.11743233593570046












0.09475630294665138


























0.0002666666666666373

0.75

0.1

1


























0.7195









0.11743233593570046












0.09475630294665138


























0.0

0.75

0.1

2


























0.7220









0.1502024706469237












0.12698965443010735


























0.02533333333333332

0.75

0.1

2


























0.7220









0.1502024706469237












0.12698965443010735


























0.025599999999999956

0.75

0.1

0


























0.7234









0.11919419175716572












0.09644232767501404


























0.0008000000000000229

0.75

0.1

0


























0.7236









0.11629143413742693












0.09445425610443747


























0.0008000000000000229

0.75

0.1

1


























0.7195









0.11743233593570046












0.09475630294665138


























0.0

0.75

0.1

1


























0.7193









0.11743233593570046












0.09475630294665138


























0.00013333333333331865

0.75

0.1

2


























0.7220









0.15034929196537916












0.12717699051103648


























0.025733333333333386

0.75

0.1

2


























0.7220









0.15051294765851952












0.12706227974975182


























0.026933333333333365

0.75

0.1

0


























0.7236









0.11629143413742693












0.09445425610443747


























0.0008000000000000229

0.75

0.1

0


























0.7237









0.11629143413742693












0.09445425610443747


























0.0008000000000000229

0.75

0.1

1


























0.7194









0.11743233593570046












0.09475630294665138


























0.0

0.75

0.1

1


























0.7193









0.11728551461724501












0.09456896686572214


























0.0

0.75

0.1

2


























0.7220









0.1507897559207455












0.127738998753824


























0.026000000000000023

0.75

0.1

2


























0.7220









0.14990882801001282












0.1268023183491781


























0.02533333333333332
