0.75

0.1

0


























0.6720









0.030414620840152784












0.0021008403361344463


























0.0040000000000000036

0.75

0.1

0


























0.6750









0.015139116202946057












0.0021008403361344463


























0.0040000000000000036

0.75

0.1

1


























0.7267









0.02100381887615932












0.01995798319327735


























0.0

0.75

0.1

1


























0.7269









0.0020458265139116083












0.008403361344537785


























0.0

0.75

0.1

2


























0.6829









0.00872885979268967












0.0021008403361344463


























0.0040000000000000036

0.75

0.1

2


























0.6847









0.010501909438079604












0.018907563025210017


























0.0

0.75

0.1

0


























0.6430









0.0001363884342607813












0.010504201680672232


























0.008000000000000007

0.75

0.1

0


























0.6570









0.03232405891980361












0.031512605042016806


























0.02400000000000002

0.75

0.1

1


























0.7196









0.0253682487725041












0.010504201680672232


























0.0

0.75

0.1

1


























0.7137









0.012547735951991212












0.01995798319327735


























0.0

0.75

0.1

2


























0.6950









0.0045008183306055605












0.006302521008403339


























0.0

0.75

0.1

2


























0.7070









0.012547735951991212












0.01995798319327735


























0.0

0.75

0.1

0


























0.6619









0.0025913802509546224












0.012605042016806789


























0.008000000000000007

0.75

0.1

0


























0.6735









0.017457719585379117












0.004201680672268893


























0.016000000000000014

0.75

0.1

1


























0.7233









0.006137479541734825












0.0021008403361344463


























0.0

0.75

0.1

1


























0.6962









0.019230769230769273












0.008403361344537785


























0.0

0.75

0.1

2


























0.7025









0.019094380796508492












0.027310924369747913


























0.0

0.75

0.1

2


























0.6971









0.014729950900163713












0.018907563025210017


























0.0
