0.75

0.1

0


























0.6416









0.004364429896344779












0.0010504201680672232


























0.008000000000000007

0.75

0.1

0


























0.6605









0.028096017457719502












0.013655462184873901


























0.008000000000000007

0.75

0.1

1


























0.7237









0.06996726677577736












0.05567226890756305


























0.020000000000000018

0.75

0.1

1


























0.7132









0.01882160392798693












0.021008403361344463


























0.0

0.75

0.1

2


























0.6922









0.019094380796508492












0.018907563025210017


























0.0

0.75

0.1

2


























0.6802









0.010638297872340385












0.017857142857142905


























0.0

0.75

0.1

0


























0.6718









0.04337152209492634












0.027310924369747913


























0.01200000000000001

0.75

0.1

0


























0.6782









0.017594108019639898












0.006302521008403339


























0.0

0.75

0.1

1


























0.7304









0.04009819967266781












0.03886554621848737


























0.008000000000000007

0.75

0.1

1


























0.7286









0.08060556464811786












0.07352941176470584


























0.01200000000000001

0.75

0.1

2


























0.6908









0.015139116202946057












0.006302521008403339


























0.0

0.75

0.1

2


























0.6872









0.006273867975995606












0.018907563025210017


























0.0

0.75

0.1

0


























0.6741









0.028232405891980283












0.011554621848739455


























0.016000000000000014

0.75

0.1

0


























0.6760









0.021958537915984677












0.010504201680672343


























0.0040000000000000036

0.75

0.1

1


























0.7206









0.010501909438079604












0.0010504201680672232


























0.0040000000000000036

0.75

0.1

1


























0.7289









0.0443262411347517












0.06512605042016806


























0.008000000000000007

0.75

0.1

2


























0.6896









0.014729950900163713












0.010504201680672232


























0.0040000000000000036

0.75

0.1

2


























0.6788









0.00872885979268967












0.0021008403361344463


























0.0
